ITS2 type profile UID		73739	73679	73756	74054	74609	74191	74193	74172	74173	74575	74082	73852	74181	73879	74155	74028	74174	74118	73890	73889	74288	73910	74040	73930	74074	74208	74610	74000	74131	74017	74154	74032	74165	74678	73913	74554	74176	74569	74570	74062	74199	74200	74209	74092	74608	74225	74306	74302	74310	74322	74345	74375	74395	74299	74311	74336
Clade		A	A	A	C	C	C	C	C	C	C	C	C	C	C	C	C	C	C	C	C	C	C	C	C	C	C	C	C	C	C	C	C	C	C	C	C	C	C	C	C	C	C	C	C	C	C	D	D	D	D	D	D	D	D	D	D
Majority ITS2 sequence		A3	A3	A7bb	C1/C3	C3k/C50a/C3	C15	C21/C3	C21	C3/C3u/C3fq	C15	C1	C1	C8c/C8f	C3/C1	C1/C3	C21	C3u/C3	C3	C3	C1/C3	C3fn	C31	C31	C3	C1	C65	C1	C21	C21	C21	C1	C1	C21	C1b	C1	C1	C1	C1	C1	C1	C1	C42.2	C62	C1	C3	C50a	D1	D4/D6	D1	D4	D5	D5	D1bv	D1	D1	D1
Associated species		S. natans,S. tridacnidorum	S. natans,S. tridacnidorum	None	S. goreaui	None	S. goreaui	None	None	None	None	S. goreaui	S. goreaui	None	S. goreaui	S. goreaui	None	None	S. goreaui	None	S. goreaui	None	None	None	None	S. goreaui	None	S. goreaui	None	None	None	S. goreaui	S. goreaui	None	None	S. goreaui	S. goreaui	S. goreaui	S. goreaui	S. goreaui	S. goreaui	S. goreaui	None	None	S. goreaui	S. goreaui	None	S. trenchii	S. glynnii,S. trenchii	S. glynnii	None	None	None	None	S. trenchii	S. trenchii	S. trenchii
ITS2 profile abundance local		21	4	1	15	12	7	7	6	6	5	5	5	4	3	3	3	3	2	2	2	2	2	2	2	2	2	2	1	1	1	1	1	1	1	1	1	1	1	1	1	1	1	1	1	1	1	8	4	2	2	2	1	1	1	1	1
ITS2 profile abundance DB		21	94	1	133	14	62	44	6	7	6	272	59	4	7	48	8	6	11	64	22	8	6	140	195	75	4	543	24	14	8	16	18	8	50	10	43	15	14	282	50	28	60	1	138	237	45	111	41	7	26	25	15	1	26	35	31
ITS2 type profile		A3-A3ah-A3ac-A3m-A3ae	A3	A7bb	C1/C3	C3k/C50a/C3-C3ba-C1-C50y-C3dq-C50f	C15/C1	C21/C3	C21-C21an-C21ao-C3	C3/C3u/C3fq/C115-C1	C15-C15ed-C15ax	C1d/C1/C42.2/C3-C1b-C3cg-C45c-C115k-C1au-C41p	C1	C8c/C8f-C42.2-C8e-C8	C3/C3v/C1-C1q-C1n	C1/C42.2/C3-C1b	C21ai/C21	C3u/C3-C115-C1	C3/C1-C3v-C1q-C1n-C1cq	C3/C21/C3av-C3at-C3b-C3dp	C3/C1n/C3v/C1-C1q-C89-C3az-C1aa	C3fn	C17d/C31-C21-C17f-C17e-C21ac	C31-C21-C31d-C21ac-C21aj	C3-C3de-C3bb-C21ae-C3an-C3s-C3dk	C42.2/C1-C1b-C3-C1au	C65	C1-C1b-C1c-C42.2-C1br-C1bh-C1cb-C3	C21	C21-C21u-C3-C21w-C21v	C21-C3-C21ag-C21af	C3/C1-C1n-C3v-C1q-C3fh	C1/C1b/C3-C1u-C1bo	C21-C21am-C3	C1b	C50b/C1/C3-C1c-C1b	C1/C1c-C1b-C1al-C42.2	C1-C1av-C1aw-C3ct-C3-C1c	C1/C3/C1c-C1b-C72k	C1/C3-C1c-C1b-C72k-C1w	C1d/C1/C42.2-C1b-C3cg-C3	C1/C93a	C42.2	C62	C42a/C42.2/C1/C1b/C1j/C3-C1au	C50c/C50a/C3/C1-C50f-C3b-C50u	C50a	D1-D4-D4c-D1c-D2	D1/D4/D6	D1/D6	D4	D5	D5-D4-D9b-D4u	D1bv	D1/D4-D2-D4c	D1/D4-D1c	D1-D4-D2-D4c-D4f
109362	SH0097	1.0	0	0	0	0	0	0	0	0	0	0	0	0	0	0	0	0	0	0	0	0	0	0	0	0	0	0	0	0	0	0	0	0	0	0	0	0	0	0	0	0	0	0	0	0	0	0	0	0	0	0	0	0	0	0	0
109355	SH0090	1.0	0	0	0	0	0	0	0	0	0	0	0	0	0	0	0	0	0	0	0	0	0	0	0	0	0	0	0	0	0	0	0	0	0	0	0	0	0	0	0	0	0	0	0	0	0	0	0	0	0	0	0	0	0	0	0
109354	SH0089	1.0	0	0	0	0	0	0	0	0	0	0	0	0	0	0	0	0	0	0	0	0	0	0	0	0	0	0	0	0	0	0	0	0	0	0	0	0	0	0	0	0	0	0	0	0	0	0	0	0	0	0	0	0	0	0	0
109350	SH0085	1.0	0	0	0	0	0	0	0	0	0	0	0	0	0	0	0	0	0	0	0	0	0	0	0	0	0	0	0	0	0	0	0	0	0	0	0	0	0	0	0	0	0	0	0	0	0	0	0	0	0	0	0	0	0	0	0
109347	SH0082	1.0	0	0	0	0	0	0	0	0	0	0	0	0	0	0	0	0	0	0	0	0	0	0	0	0	0	0	0	0	0	0	0	0	0	0	0	0	0	0	0	0	0	0	0	0	0	0	0	0	0	0	0	0	0	0	0
109346	SH0081	1.0	0	0	0	0	0	0	0	0	0	0	0	0	0	0	0	0	0	0	0	0	0	0	0	0	0	0	0	0	0	0	0	0	0	0	0	0	0	0	0	0	0	0	0	0	0	0	0	0	0	0	0	0	0	0	0
109363	SH0098	1.0	0	0	0	0	0	0	0	0	0	0	0	0	0	0	0	0	0	0	0	0	0	0	0	0	0	0	0	0	0	0	0	0	0	0	0	0	0	0	0	0	0	0	0	0	0	0	0	0	0	0	0	0	0	0	0
109361	SH0096	1.0	0	0	0	0	0	0	0	0	0	0	0	0	0	0	0	0	0	0	0	0	0	0	0	0	0	0	0	0	0	0	0	0	0	0	0	0	0	0	0	0	0	0	0	0	0	0	0	0	0	0	0	0	0	0	0
109360	SH0095	1.0	0	0	0	0	0	0	0	0	0	0	0	0	0	0	0	0	0	0	0	0	0	0	0	0	0	0	0	0	0	0	0	0	0	0	0	0	0	0	0	0	0	0	0	0	0	0	0	0	0	0	0	0	0	0	0
109357	SH0092	0.9978689397975493	0	0	0	0	0	0	0	0	0	0	0	0	0	0	0	0	0	0	0	0	0	0	0	0	0	0	0	0	0	0	0	0	0	0	0	0	0	0	0	0	0	0	0	0	0	0	0	0	0	0	0	0	0	0	0
109343	SH0078	0.9967051070840197	0	0	0	0	0	0	0	0	0	0	0	0	0	0	0	0	0	0	0	0	0	0	0	0	0	0	0	0	0	0	0	0	0	0	0	0	0	0	0	0	0	0	0	0	0	0	0	0	0	0	0	0	0	0	0
109352	SH0087	0.9966527196652719	0	0	0	0	0	0	0	0	0	0	0	0	0	0	0	0	0	0	0	0	0	0	0	0	0	0	0	0	0	0	0	0	0	0	0	0	0	0	0	0	0	0	0	0	0	0	0	0	0	0	0	0	0	0	0
109366	SH0102	0.9962097283638661	0	0	0	0	0	0	0	0	0	0	0	0	0	0	0	0	0	0	0	0	0	0	0	0	0	0	0	0	0	0	0	0	0	0	0	0	0	0	0	0	0	0	0	0	0	0	0	0	0	0	0	0	0	0	0
109348	SH0083	0.9937150837988827	0	0	0	0	0	0	0	0	0	0	0	0	0	0	0	0	0	0	0	0	0	0	0	0	0	0	0	0	0	0	0	0	0	0	0	0	0	0	0	0	0	0	0	0	0	0	0	0	0	0	0	0	0	0	0
109431	SH099	0.9930434782608696	0	0	0	0	0	0	0	0	0	0	0	0	0	0	0	0	0	0	0	0	0	0	0	0	0	0	0	0	0	0	0	0	0	0	0	0	0	0	0	0	0	0	0	0	0	0	0	0	0	0	0	0	0	0	0
109365	SH0101	0.9911504424778761	0	0	0	0	0	0	0	0	0	0	0	0	0	0	0	0	0	0	0	0	0	0	0	0	0	0	0	0	0	0	0	0	0	0	0	0	0	0	0	0	0	0	0	0	0	0	0	0	0	0	0	0	0	0	0
109358	SH0093	0.9894146948941469	0	0	0	0	0	0	0	0	0	0	0	0	0	0	0	0	0	0	0	0	0	0	0	0	0	0	0	0	0	0	0	0	0	0	0	0	0	0	0	0	0	0	0	0	0	0	0	0	0	0	0	0	0	0	0
109359	SH0094	0.9572829131652661	0	0	0	0	0	0	0	0	0	0	0	0	0	0	0	0	0	0	0	0	0	0	0	0	0	0	0	0	0	0	0	0	0	0	0	0	0	0	0	0	0	0	0	0	0	0	0	0	0	0	0	0	0	0	0
109345	SH0080	0.9552238805970149	0	0	0	0	0	0	0	0	0	0	0	0	0	0	0	0	0	0	0	0	0	0	0	0	0	0	0	0	0	0	0	0	0	0	0	0	0	0	0	0	0	0	0	0	0	0	0	0	0	0	0	0	0	0	0
109349	SH0084	0.9548472775564409	0	0	0	0	0	0	0	0	0	0	0	0	0	0	0	0	0	0	0	0	0	0	0	0	0	0	0	0	0	0	0	0	0	0	0	0	0	0	0	0	0	0	0	0	0	0	0	0	0	0	0	0	0	0	0
109344	SH0079	0.9459898006490496	0	0	0	0	0	0	0	0	0	0	0	0	0	0	0	0	0	0	0	0	0	0	0	0	0	0	0	0	0	0	0	0	0	0	0	0	0	0	0	0	0	0	0	0	0	0	0	0	0	0	0	0	0	0	0
109415	SH0151	0	0	0	0.5847589424572317	0	0	0	0	0	0	0	0	0	0	0	0	0	0	0	0	0	0	0	0	0	0	0	0	0	0	0	0	0	0	0	0	0	0	0	0	0	0	0	0	0	0	0	0	0	0	0	0	0	0	0	0
109396	SH0132	0	0	0	0.4541984732824427	0	0	0	0	0	0	0	0	0	0	0	0	0	0	0	0	0	0	0	0	0	0	0	0	0	0	0	0	0	0	0	0	0	0	0	0	0	0	0	0	0	0	0	0	0	0	0	0	0	0	0	0
109298	SH0034	0	0	0	0.3900798654897016	0	0	0	0	0	0	0	0	0	0	0	0	0	0	0	0	0	0	0	0	0	0	0	0	0	0	0	0	0	0	0	0	0	0	0	0	0	0	0	0	0	0	0	0	0	0	0	0	0	0	0	0
109270	SH0006	0	0	0	0	0.8444730077120822	0	0	0	0	0	0	0	0	0	0	0	0	0	0	0	0	0	0	0	0	0	0	0	0	0	0	0	0	0	0	0	0	0	0	0	0	0	0	0	0	0	0	0	0	0	0	0	0	0	0	0
109306	SH0041	0	0	0	0	0.7954070981210856	0	0	0	0	0	0	0	0	0	0	0	0	0	0	0	0	0	0	0	0	0	0	0	0	0	0	0	0	0	0	0	0	0	0	0	0	0	0	0	0	0	0	0	0	0	0	0	0	0	0	0
109271	SH0007	0	0	0	0	0.7898763978811065	0	0	0	0	0	0	0	0	0	0	0	0	0	0	0	0	0	0	0	0	0	0	0	0	0	0	0	0	0	0	0	0	0	0	0	0	0	0	0	0	0	0	0	0	0	0	0	0	0	0	0
109404	SH0140	0	0	0	0	0.7561619718309859	0	0	0	0	0	0	0	0	0	0	0	0	0	0	0	0	0	0	0	0	0	0	0	0	0	0	0	0	0	0	0	0	0	0	0	0	0	0	0	0	0	0	0	0	0	0	0	0	0	0	0
109300	SH0036	0	0	0	0	0.7509855453350854	0	0	0	0	0	0	0	0	0	0	0	0	0	0	0	0	0	0	0	0	0	0	0	0	0	0	0	0	0	0	0	0	0	0	0	0	0	0	0	0	0	0	0	0	0	0	0	0	0	0	0
109266	SH0002	0	0	0	0	0.7370923913043478	0	0	0	0	0	0	0	0	0	0	0	0	0	0	0	0	0	0	0	0	0	0	0	0	0	0	0	0	0	0	0	0	0	0	0	0	0	0	0	0	0	0	0	0	0	0	0	0	0	0	0
109272	SH0008	0	0	0	0	0.7347280334728034	0	0	0	0	0	0	0	0	0	0	0	0	0	0	0	0	0	0	0	0	0	0	0	0	0	0	0	0	0	0	0	0	0	0	0	0	0	0	0	0	0	0	0	0	0	0	0	0	0	0	0
109368	SH0104	0	0	0	0	0.6813186813186813	0	0	0	0	0	0	0	0	0	0	0	0	0	0	0	0	0	0	0	0	0	0	0	0	0	0	0	0	0	0	0	0	0	0	0	0	0	0	0	0	0	0	0	0	0	0	0	0	0	0	0
109367	SH0103	0	0	0	0	0.6809029896278219	0	0	0	0	0	0	0	0	0	0	0	0	0	0	0	0	0	0	0	0	0	0	0	0	0	0	0	0	0	0	0	0	0	0	0	0	0	0	0	0	0	0	0	0	0	0	0	0	0	0	0
109273	SH0009	0	0	0	0	0.6652754590984975	0	0	0	0	0	0	0	0	0	0	0	0	0	0	0	0	0	0	0	0	0	0	0	0	0	0	0	0	0	0	0	0	0	0	0	0	0	0	0	0	0	0	0	0	0	0	0	0	0	0	0
109317	SH0052	0	0	0	0	0.6507115135834411	0	0	0	0	0	0	0	0	0	0	0	0	0	0	0	0.16300129366106078	0	0	0	0	0	0	0	0	0	0	0	0	0	0	0	0	0	0	0	0	0	0	0	0	0	0	0	0	0	0	0	0	0	0	0
109318	SH0053	0	0	0	0	0.5667613636363636	0	0	0	0	0	0	0	0	0	0	0	0	0	0	0	0.2324810606060606	0	0	0	0	0	0	0	0	0	0	0	0	0	0	0	0	0	0	0	0	0	0	0	0	0	0	0	0	0	0	0	0	0	0	0
109382	SH0118	0	0	0	0	0	0	0	0	0	0	0	0	0	0	0	0	0	0	0	0	0	0	0	0	0	0	0	0	0	0	0	0	0	0	0	0	0	0	0	0	0	0	0	0	0	0	0.9541666666666667	0	0	0	0	0	0	0	0	0
109410	SH0146	0	0	0	0	0	0	0	0	0	0	0	0	0	0	0	0	0	0	0	0	0	0	0	0	0	0	0	0	0	0	0	0	0	0	0	0	0	0	0	0	0	0	0	0	0	0	0.9360852197070573	0	0	0	0	0	0	0	0	0
109383	SH0119	0	0	0	0	0	0	0	0	0	0	0	0	0	0	0	0	0	0	0	0	0	0	0	0	0	0	0	0	0	0	0	0	0	0	0	0	0	0	0	0	0	0	0	0	0	0	0.9233128834355827	0	0	0	0	0	0	0	0	0
109381	SH0117	0	0	0	0	0	0	0	0	0	0	0	0	0	0	0	0	0	0	0	0	0	0	0	0	0	0	0	0	0	0	0	0	0	0	0	0	0	0	0	0	0	0	0	0	0	0	0.906832298136646	0	0	0	0	0	0	0	0	0
109380	SH0116	0	0	0	0	0	0	0	0	0	0	0	0	0	0	0	0	0	0	0	0	0	0	0	0	0	0	0	0	0	0	0	0	0	0	0	0	0	0	0	0	0	0	0	0	0	0	0.8866666666666667	0	0	0	0	0	0	0	0	0
109384	SH0120	0	0	0	0	0	0	0	0	0	0	0	0	0	0	0	0	0	0	0	0	0	0	0	0	0	0	0	0	0	0	0	0	0	0	0	0	0	0	0	0	0	0	0	0	0	0	0.8660508083140877	0	0	0	0	0	0	0	0	0
109377	SH0113	0	0	0	0	0	0	0	0	0	0	0	0	0	0	0	0	0	0	0	0	0	0	0	0	0	0	0	0	0	0	0	0	0	0	0	0	0	0	0	0	0	0	0	0	0	0	0.816	0	0	0	0	0	0	0	0	0
109283	SH0019	0	0	0	0	0	0	0	0	0	0	0	0	0	0	0	0	0	0	0	0	0	0	0	0	0	0	0	0	0	0	0	0	0	0	0	0	0	0	0	0	0	0	0	0	0	0	0.7294520547945206	0	0	0	0	0	0	0	0	0
109336	SH0071	0	0	0	0	0	0.7846638655462185	0	0	0	0	0	0	0	0	0	0	0	0	0	0	0	0	0	0	0	0	0	0	0	0	0	0	0	0	0	0	0	0	0	0	0	0	0	0	0	0	0	0	0	0	0	0	0	0	0	0
109276	SH0012	0	0	0	0	0	0.6573498964803313	0	0	0	0	0	0	0	0	0	0	0	0	0	0	0	0	0	0	0	0	0	0	0	0	0	0	0	0	0	0	0	0	0	0	0	0	0	0	0	0	0	0	0	0	0	0	0	0	0	0
109372	SH0108	0	0	0	0	0	0.6148571428571429	0	0	0	0	0	0	0	0	0	0	0	0	0	0	0	0	0	0	0	0	0	0	0	0	0	0	0	0	0	0	0	0	0	0	0	0	0	0	0	0	0	0	0	0	0	0	0	0	0	0
109301	SH0037	0	0	0	0	0	0.614693239546698	0	0	0	0	0	0	0	0	0	0	0	0	0	0	0	0	0	0	0	0	0	0	0	0	0	0	0	0	0	0	0	0	0	0	0	0	0	0	0	0	0	0	0	0	0	0	0	0	0	0
109406	SH0142	0	0	0	0	0	0.4604377104377104	0	0	0	0	0	0	0	0	0	0	0	0	0	0	0	0	0	0	0	0	0	0	0	0	0	0	0	0	0	0	0	0	0	0	0	0	0	0	0	0	0	0	0	0	0	0	0	0	0	0
109278	SH0014	0	0	0	0	0	0.4498539435248296	0	0	0	0	0	0	0	0	0	0	0	0	0	0	0	0	0	0	0	0	0	0	0	0	0	0	0	0	0	0	0	0	0	0	0	0	0	0	0	0	0	0	0	0	0	0	0	0	0	0
109374	SH0110	0	0	0	0	0	0.4166666666666667	0	0	0	0	0	0	0	0	0	0	0	0	0	0	0	0	0	0	0	0	0	0	0	0	0	0	0	0	0	0	0	0	0	0	0	0	0	0	0	0	0	0	0	0	0	0	0	0	0	0
109296	SH0032	0	0	0	0	0	0	0.7532343076185912	0	0	0	0	0	0	0	0	0	0	0	0	0	0	0	0	0	0	0	0	0	0	0	0	0	0	0	0	0	0	0	0	0	0	0	0	0	0	0	0	0	0	0	0	0	0	0	0	0
109287	SH0023	0	0	0	0	0	0	0.7185792349726776	0	0	0	0	0	0	0	0	0	0	0	0	0	0	0	0	0	0	0	0	0	0	0	0	0	0	0	0	0	0	0	0	0	0	0	0	0	0	0	0	0	0	0	0	0	0	0	0	0
109315	SH0050	0	0	0	0	0	0	0.6849971799210378	0	0	0	0	0	0	0	0	0	0	0	0	0	0	0	0	0	0	0	0	0	0	0	0	0	0	0	0	0	0	0	0	0	0	0	0	0	0	0	0	0	0	0	0	0	0	0	0	0
109285	SH0021	0	0	0	0	0	0	0.6235845372901211	0	0	0	0	0	0	0	0	0	0	0	0	0	0	0	0	0	0	0	0	0	0	0	0	0	0	0	0	0	0	0	0	0	0	0	0	0	0	0	0	0	0	0	0	0	0	0	0	0
109378	SH0114	0	0	0	0	0	0	0.6110381077529565	0	0	0	0	0	0	0	0	0	0	0	0	0	0	0	0	0	0	0	0	0	0	0	0	0	0	0	0	0	0	0	0	0	0	0	0	0	0	0	0	0	0	0	0	0	0	0	0	0
109330	SH0065	0	0	0	0	0	0	0.551304347826087	0	0	0	0	0	0	0	0	0	0	0	0	0	0	0	0	0	0	0	0	0	0	0	0	0	0	0	0	0	0	0	0	0	0	0	0	0	0	0	0	0.17130434782608694	0	0	0	0	0	0	0	0
109297	SH0033	0	0	0	0	0	0	0.40569020021074814	0	0	0	0	0	0	0	0	0	0	0	0	0	0	0	0	0	0	0	0	0	0	0	0	0	0	0	0	0	0	0	0	0	0	0	0	0	0	0	0	0	0	0	0	0	0	0	0	0
109274	SH0010	0	0	0	0	0	0	0	0.9460992907801419	0	0	0	0	0	0	0	0	0	0	0	0	0	0	0	0	0	0	0	0	0	0	0	0	0	0	0	0	0	0	0	0	0	0	0	0	0	0	0	0	0	0	0	0	0	0	0	0
109369	SH0105	0	0	0	0	0	0	0	0.931345980126468	0	0	0	0	0	0	0	0	0	0	0	0	0	0	0	0	0	0	0	0	0	0	0	0	0	0	0	0	0	0	0	0	0	0	0	0	0	0	0	0	0	0	0	0	0	0	0	0
109411	SH0147	0	0	0	0	0	0	0	0.928992628992629	0	0	0	0	0	0	0	0	0	0	0	0	0	0	0	0	0	0	0	0	0	0	0	0	0	0	0	0	0	0	0	0	0	0	0	0	0	0	0	0	0	0	0	0	0	0	0	0
109339	SH0074	0	0	0	0	0	0	0	0.9175870858113848	0	0	0	0	0	0	0	0	0	0	0	0	0	0	0	0	0	0	0	0	0	0	0	0	0	0	0	0	0	0	0	0	0	0	0	0	0	0	0	0	0	0	0	0	0	0	0	0
109338	SH0073	0	0	0	0	0	0	0	0.9087698646262508	0	0	0	0	0	0	0	0	0	0	0	0	0	0	0	0	0	0	0	0	0	0	0	0	0	0	0	0	0	0	0	0	0	0	0	0	0	0	0	0	0	0	0	0	0	0	0	0
109423	SH0159	0	0	0	0	0	0	0	0.9022286125089863	0	0	0	0	0	0	0	0	0	0	0	0	0	0	0	0	0	0	0	0	0	0	0	0	0	0	0	0	0	0	0	0	0	0	0	0	0	0	0	0	0	0	0	0	0	0	0	0
109302	SH0038	0	0	0	0	0	0	0	0	0.9235269536147096	0	0	0	0	0	0	0	0	0	0	0	0	0	0	0	0	0	0	0	0	0	0	0	0	0	0	0	0	0	0	0	0	0	0	0	0	0	0	0	0	0	0	0	0	0	0	0
109284	SH0020	0	0	0	0	0	0	0	0	0.8940594059405941	0	0	0	0	0	0	0	0	0	0	0	0	0	0	0	0	0	0	0	0	0	0	0	0	0	0	0	0	0	0	0	0	0	0	0	0	0	0	0	0	0	0	0	0	0	0	0
109426	SH0162	0	0	0	0	0	0	0	0	0.8556201550387597	0	0	0	0	0	0	0	0	0	0	0	0	0	0	0	0	0	0	0	0	0	0	0	0	0	0	0	0	0	0	0	0	0	0	0	0	0	0	0	0	0	0	0	0	0	0	0
109286	SH0022	0	0	0	0	0	0	0	0	0.816440542697526	0	0	0	0	0	0	0	0	0	0	0	0	0	0	0	0	0	0	0	0	0	0	0	0	0	0	0	0	0	0	0	0	0	0	0	0	0	0	0	0	0	0	0	0	0	0	0
109282	SH0018	0	0	0	0	0	0	0	0	0.8014760147601476	0	0	0	0	0	0	0	0	0	0	0	0	0	0	0	0	0	0	0	0	0	0	0	0	0	0	0	0	0	0	0	0	0	0	0	0	0	0	0	0	0	0	0	0	0	0	0
109332	SH0067	0	0	0	0	0	0	0	0	0.6551724137931034	0	0	0	0	0	0	0	0	0	0	0	0	0	0	0	0	0	0	0	0	0	0	0	0	0	0	0	0	0	0	0	0	0	0	0	0	0	0	0	0	0	0	0	0	0	0	0
109295	SH0031	0	0	0	0	0	0	0	0	0	0.7163561076604554	0	0	0	0	0	0	0	0	0	0	0	0	0	0	0	0	0	0	0	0	0	0	0	0	0	0	0	0	0	0	0.018633540372670808	0	0	0	0	0	0	0	0	0	0	0	0	0	0	0
109371	SH0107	0	0	0	0.02434077079107505	0	0	0	0	0	0.6997971602434078	0	0	0	0	0	0	0	0	0	0	0	0	0	0	0	0	0	0	0	0	0	0	0	0	0	0	0	0	0	0	0	0	0	0	0	0	0	0	0	0	0	0	0	0	0	0
109373	SH0109	0	0	0	0.015527950310559006	0	0	0	0	0	0.5652173913043478	0	0	0	0	0	0	0	0	0	0	0	0	0	0	0	0	0	0	0	0	0	0	0	0	0	0	0	0	0	0	0	0	0	0	0	0	0	0	0	0	0	0	0	0	0	0
109370	SH0106	0	0	0	0.025278058645096056	0	0	0	0	0	0.5652173913043478	0	0	0	0	0	0	0	0	0	0	0	0	0	0	0	0	0	0	0	0	0	0	0	0	0	0	0	0	0	0	0	0	0	0	0	0	0	0	0	0	0	0	0	0	0	0
109407	SH0143	0	0	0	0	0	0	0	0	0	0.5066931085770947	0	0	0	0	0	0	0	0	0	0	0	0	0	0	0	0	0	0	0	0	0	0	0	0	0	0	0	0	0	0	0	0	0	0	0	0	0	0	0	0	0	0	0	0	0	0
109400	SH0136	0	0	0	0	0	0	0	0	0	0	0.9318748269177514	0	0	0	0	0	0	0	0	0	0	0	0	0	0	0	0	0	0	0	0	0	0	0	0	0	0	0	0	0	0	0	0	0	0	0	0	0	0	0	0	0	0	0	0	0
109289	SH0025	0	0	0	0	0	0	0	0	0	0	0.8534644194756554	0	0	0	0	0	0	0	0	0	0	0	0	0	0	0	0	0	0	0	0	0	0	0	0	0	0	0	0	0	0	0	0	0	0	0	0	0	0	0	0	0	0	0	0	0
109429	SH0165	0	0	0	0	0	0	0	0	0	0	0.849375	0	0	0	0	0	0	0	0	0	0	0	0	0	0	0	0	0	0	0	0	0	0	0	0	0	0	0	0	0	0	0	0	0	0	0	0	0	0	0	0	0	0	0	0	0
109408	SH0144	0	0	0	0	0	0	0	0	0	0	0.8386219401631912	0	0	0	0	0	0	0	0	0	0	0	0	0	0	0	0	0	0	0	0	0	0	0	0	0	0	0	0	0	0	0	0	0	0	0	0	0	0	0	0	0	0	0	0	0
109421	SH0157	0	0	0	0	0	0	0	0	0	0	0.6998106060606061	0	0	0	0	0	0	0	0	0	0	0	0	0	0	0	0	0	0	0	0	0	0	0	0	0	0	0	0	0	0	0	0	0	0	0	0	0	0	0	0	0	0	0	0	0
109413	SH0149	0	0	0	0	0	0	0	0	0	0	0	0.37897967011891065	0	0	0	0	0	0	0	0	0	0	0	0	0	0	0	0	0	0	0	0	0	0.1940928270042194	0	0	0	0	0	0	0	0.19332566168009205	0	0	0	0	0	0	0	0	0	0	0	0	0	0
109409	SH0145	0	0	0	0	0	0	0	0	0	0	0	0	0	0	0	0	0	0	0	0	0	0	0	0	0	0	0	0	0	0	0	0	0	0	0	0	0	0	0	0	0	0	0	0	0	0	0	0.6277724204435873	0	0	0	0	0	0	0	0
109293	SH0029	0	0	0	0	0	0	0	0	0	0	0	0	0	0	0	0	0	0	0	0	0	0	0	0	0	0	0	0	0	0	0	0	0	0	0	0	0	0	0	0	0	0	0	0	0	0	0	0.6147186147186147	0	0	0	0	0	0	0	0
109430	SH0166	0	0	0	0	0	0	0	0	0	0	0	0	0	0	0	0	0	0	0	0	0	0	0	0	0	0	0	0	0	0	0	0	0	0	0	0	0	0	0	0	0	0	0	0	0	0	0	0.39636363636363636	0	0	0	0	0	0	0	0
109414	SH0150	0	0	0	0.02744148506860371	0	0	0	0	0	0	0	0	0.8038740920096852	0	0	0	0	0	0	0	0	0	0	0	0	0	0	0	0	0	0	0	0	0	0	0	0	0	0	0	0	0	0	0	0	0	0	0	0	0	0	0	0	0	0	0
109294	SH0030	0	0	0	0.07480314960629922	0	0	0	0	0	0	0	0	0.8011811023622047	0	0	0	0	0	0	0	0	0	0	0	0	0	0	0	0	0	0	0	0	0	0	0	0	0	0	0	0	0	0	0	0	0	0	0	0	0	0	0	0	0	0	0
109375	SH0111	0	0	0	0.07622739018087855	0	0	0	0	0	0	0	0	0.7842377260981912	0	0	0	0	0	0	0	0	0	0	0	0	0	0	0	0	0	0	0	0	0	0	0	0	0	0	0	0	0	0	0	0	0	0	0	0	0	0	0	0	0	0	0
109424	SH0160	0	0	0	0	0	0	0	0	0	0	0	0	0.7680851063829788	0	0	0	0	0	0	0	0	0	0	0	0	0	0	0	0	0	0	0	0	0	0	0	0	0	0	0	0	0	0	0	0	0	0	0	0	0	0	0	0	0	0	0
109356	SH0091	0	0.8775280898876403	0	0	0	0	0	0	0	0	0	0	0	0	0	0	0	0	0	0	0	0	0	0	0	0	0	0	0	0	0	0	0	0	0	0	0	0	0	0	0	0	0	0	0	0	0	0	0	0	0	0	0	0	0	0
109351	SH0086	0	0.8331838565022421	0	0	0	0	0	0	0	0	0	0	0	0	0	0	0	0	0	0	0	0	0	0	0	0	0	0	0	0	0	0	0	0	0	0	0	0	0	0	0	0	0	0	0	0	0	0	0	0	0	0	0	0	0	0
109364	SH0100	0	0.8224400871459695	0	0	0	0	0	0	0	0	0	0	0	0	0	0	0	0	0	0	0	0	0	0	0	0	0	0	0	0	0	0	0	0	0	0	0	0	0	0	0	0	0	0	0	0	0	0	0	0	0	0	0	0	0	0
109388	SH0124	0	0	0	0	0	0	0	0	0	0	0	0	0	0.8415682062298604	0	0	0	0	0	0	0	0	0	0	0	0	0	0	0	0	0	0	0	0	0	0	0	0	0	0	0	0	0	0	0	0	0	0	0	0	0	0	0	0	0	0
109376	SH0112	0	0	0	0	0	0	0	0	0	0	0	0	0	0.831946755407654	0	0	0	0	0	0	0	0	0	0	0	0	0	0	0	0	0	0	0	0	0	0	0	0	0	0	0	0	0	0	0	0	0	0	0	0	0	0	0	0	0	0
109323	SH0058	0	0	0	0	0	0	0	0	0	0	0	0	0	0.7523809523809524	0	0	0	0	0	0	0	0	0	0	0	0	0	0	0	0	0	0	0	0	0	0	0	0	0	0	0	0	0	0	0	0	0	0	0	0	0	0	0	0	0	0
109326	SH0061	0	0	0	0	0	0	0	0	0	0	0	0	0	0	0.6936936936936937	0	0	0	0	0	0	0	0	0	0	0	0	0	0	0	0	0	0	0	0	0	0	0	0	0	0	0	0	0	0	0	0	0	0	0	0	0	0	0	0	0
109397	SH0133	0	0	0	0	0	0	0	0	0	0	0	0	0	0	0.42238010657193603	0	0	0	0	0	0	0	0	0	0	0	0	0	0	0	0	0	0	0	0	0	0	0	0	0	0	0	0	0	0	0	0	0	0	0	0	0	0	0	0	0
109309	SH0044	0	0	0	0	0	0	0	0	0	0	0	0	0	0	0.29348958333333336	0	0	0	0	0	0	0	0	0	0	0	0	0	0	0	0	0	0	0	0	0	0	0	0	0	0	0	0	0	0	0	0	0	0	0	0	0	0	0	0	0
109279	SH0015	0	0	0	0	0	0	0	0	0	0	0	0	0	0	0	0.7532667179093006	0	0	0	0	0	0	0	0	0	0	0	0	0	0	0	0	0	0	0	0	0	0	0	0	0	0	0	0	0	0	0	0	0	0	0	0	0	0	0	0
109334	SH0069	0	0	0	0	0	0	0	0	0	0	0	0	0	0	0	0.6883629191321499	0	0	0	0	0	0	0	0	0	0	0	0	0	0	0	0	0	0	0	0	0	0	0	0	0	0	0	0	0	0	0	0	0	0	0	0	0	0	0	0
109331	SH0066	0	0	0	0	0	0	0	0	0	0	0	0	0	0	0	0.6848739495798319	0	0	0	0	0	0	0	0	0	0	0	0	0	0	0	0	0	0	0	0	0	0	0	0	0	0	0	0	0	0	0	0	0	0	0	0	0	0	0	0
109427	SH0163	0	0	0	0	0	0	0	0	0	0	0	0	0	0	0	0	0.9462616822429907	0	0	0	0	0	0	0	0	0	0	0	0	0	0	0	0	0	0	0	0	0	0	0	0	0	0	0	0	0	0	0	0	0	0	0	0	0	0	0
109268	SH0004	0	0	0	0	0	0	0	0	0	0	0	0	0	0	0	0	0.9028822055137845	0	0	0	0	0	0	0	0	0	0	0	0	0	0	0	0	0	0	0	0	0	0	0	0	0	0	0	0	0	0	0	0	0	0	0	0	0	0	0
109333	SH0068	0	0	0	0	0	0	0	0	0	0	0	0	0	0	0	0	0.7308970099667774	0	0	0	0	0	0	0	0	0	0	0	0	0	0	0	0	0	0	0	0	0	0	0	0	0	0	0	0	0	0	0	0	0	0	0	0	0	0	0
109391	SH0127	0	0	0	0	0	0	0	0	0	0	0	0	0	0	0	0	0	0.9743178170144462	0	0	0	0	0	0	0	0	0	0	0	0	0	0	0	0	0	0	0	0	0	0	0	0	0	0	0	0	0	0	0	0	0	0	0	0	0	0
109399	SH0135	0	0	0	0	0	0	0	0	0	0	0	0	0	0	0	0	0	0.8151315789473684	0	0	0	0	0	0	0	0	0	0	0	0	0	0	0	0	0	0	0	0	0	0	0	0	0	0	0	0	0	0	0	0	0	0	0	0	0	0
109265	SH0001	0	0	0	0	0	0	0	0	0	0	0	0.1245928338762215	0	0	0	0	0	0	0.7662866449511401	0	0	0	0	0	0	0	0	0	0	0	0	0	0	0	0	0	0	0	0	0	0	0	0	0	0	0	0	0	0	0	0	0	0	0	0	0
109305	SH0040	0	0	0	0	0	0	0	0	0	0	0	0.12628571428571428	0	0	0	0	0	0	0.7142857142857143	0	0	0	0	0	0	0	0	0	0	0	0	0	0	0	0	0	0	0	0	0	0	0	0	0	0	0	0	0	0	0	0	0	0	0	0	0
109379	SH0115	0	0	0	0	0	0	0	0	0	0	0	0	0	0	0	0	0	0	0	0.8586525759577279	0	0	0	0	0	0	0	0	0	0	0	0	0	0	0	0	0	0	0	0	0	0	0	0	0	0	0	0	0	0	0	0	0	0	0	0
109310	SH0045	0	0	0	0	0	0	0	0	0	0	0	0	0	0	0	0	0	0	0	0.8549644188410708	0	0	0	0	0	0	0	0	0	0	0	0	0	0	0	0	0	0	0	0	0	0	0	0	0	0	0	0	0	0	0	0	0	0	0	0
109275	SH0011	0	0	0	0.02284527518172378	0	0	0	0	0	0	0	0	0	0	0	0	0	0	0	0	0	0.7159916926272066	0	0	0	0	0	0	0	0	0	0	0	0	0	0	0	0	0	0	0	0	0	0	0	0	0	0	0	0	0	0	0	0	0	0
109387	SH0123	0	0	0	0.026720647773279354	0	0	0	0	0	0	0	0	0	0	0	0	0	0	0	0	0	0.6753036437246963	0	0	0	0	0	0	0	0	0	0	0	0	0	0	0	0	0	0	0	0	0	0	0	0	0	0	0	0	0	0	0	0	0	0
109405	SH0141	0	0	0	0	0	0	0	0	0	0	0	0	0	0	0	0	0	0	0	0	0	0	0.6057542768273717	0	0	0	0	0	0	0	0	0	0	0	0	0	0	0	0	0	0	0	0	0	0	0	0	0	0	0	0	0	0	0	0	0
109308	SH0043	0	0	0	0.029012118986412046	0	0	0	0	0	0	0	0	0	0	0	0	0	0	0	0	0	0	0.5839147998531032	0	0	0	0	0	0	0	0	0	0	0	0	0	0	0	0	0	0	0	0	0	0	0	0	0	0	0	0	0	0	0	0	0
109420	SH0156	0	0	0	0	0	0	0	0	0	0	0	0	0	0	0	0	0	0	0	0	0	0	0	0	0	0	0	0	0	0	0	0	0	0	0	0	0	0	0	0	0	0	0	0	0	0	0	0	0.39999999999999997	0	0	0	0	0	0	0
109422	SH0158	0	0	0	0	0	0	0	0	0	0	0	0	0	0	0	0	0	0	0	0	0	0	0	0	0	0	0	0	0	0	0	0	0	0	0	0	0	0	0	0	0	0	0	0	0	0	0	0	0.34146341463414637	0	0	0	0	0	0	0
109385	SH0121	0	0	0	0	0	0	0	0	0	0	0	0.11541218637992831	0	0	0	0	0	0	0	0	0	0	0	0.7311827956989247	0	0	0	0	0	0	0	0	0	0	0	0	0	0	0	0	0	0	0	0	0	0	0	0	0	0	0	0	0	0	0	0
109386	SH0122	0	0	0	0	0	0	0	0	0	0	0	0.1091091091091091	0	0	0	0	0	0	0	0	0	0	0	0.7167167167167168	0	0	0	0	0	0	0	0	0	0	0	0	0	0	0	0	0	0	0	0	0	0	0	0	0	0	0	0	0	0	0	0
109312	SH0047	0	0	0	0	0	0	0	0	0	0	0	0	0	0	0	0	0	0	0	0	0	0	0	0	0.6946206896551724	0	0	0	0	0	0	0	0	0	0	0	0	0	0	0	0	0	0	0	0	0	0	0	0	0	0	0	0	0	0	0
109425	SH0161	0	0	0	0	0	0	0	0	0	0	0	0	0	0	0	0	0	0	0	0	0	0	0	0	0.5016429353778752	0	0	0	0	0	0	0	0	0	0	0	0	0	0	0	0	0	0	0	0	0	0	0	0	0	0	0	0	0	0	0
109398	SH0134	0	0	0	0.37010247136829416	0	0	0	0	0	0	0	0	0	0	0	0	0	0	0	0	0	0	0	0	0	0.3887884267631103	0	0	0	0	0	0	0	0	0	0	0	0	0	0	0	0	0	0	0	0	0	0	0	0	0	0	0	0	0	0
109403	SH0139	0	0	0	0.268	0	0	0	0	0	0	0	0	0	0	0	0	0	0	0	0	0	0	0	0	0	0.38639999999999997	0	0	0	0	0	0	0	0	0	0	0	0	0	0	0	0	0	0	0	0	0	0	0	0	0	0	0	0	0	0
109394	SH0130	0	0	0	0	0	0	0	0	0	0	0	0	0	0	0	0	0	0	0	0	0	0	0	0	0	0	0	0	0	0	0	0	0	0	0	0	0	0	0	0	0	0	0	0	0	0	0	0	0	0.18862275449101795	0.47904191616766467	0	0	0	0	0
109393	SH0129	0	0	0	0	0	0	0	0	0	0	0	0	0	0	0	0	0	0	0	0	0	0	0	0	0	0	0	0	0	0	0	0	0	0	0	0	0	0	0	0	0	0	0	0	0	0	0	0	0	0.0547550432276657	0.14985590778097985	0	0	0	0	0
109328	SH0063	0	0	0	0	0	0	0	0	0	0	0	0	0	0	0	0	0	0	0	0	0	0	0	0	0	0	0.9396903015484922	0	0	0	0	0	0	0	0	0	0	0	0	0	0	0	0	0	0	0	0	0	0	0	0	0	0	0	0	0
109281	SH0017	0	0	0	0	0	0	0	0	0	0	0	0	0	0	0	0	0	0	0	0	0	0	0	0	0	0	0.8930602957906713	0	0	0	0	0	0	0	0	0	0	0	0	0	0	0	0	0	0	0	0	0	0	0	0	0	0	0	0	0
109401	SH0137	0	0	0	0	0	0	0	0	0	0	0	0	0	0	0	0	0	0	0	0	0	0	0	0	0	0	0	0	0	0	0	0	0	0	0	0	0	0	0	0	0	0	0	0	0	0	0	0	0	0	0	0.8976034858387799	0	0	0	0
109322	SH0057	0	0	0	0	0	0	0	0	0	0	0	0	0	0	0	0	0	0	0	0	0	0	0	0	0	0	0	0.6576402321083172	0	0	0	0	0	0	0	0	0	0	0	0	0	0	0	0	0	0	0	0	0	0	0	0	0	0	0	0
109314	SH0049	0	0	0	0	0	0	0	0	0	0	0	0	0	0	0	0	0	0	0	0	0	0	0	0	0	0	0	0	0.6804770318021202	0	0	0	0	0	0	0	0	0	0	0	0	0	0	0	0	0	0	0	0	0	0	0	0	0	0	0
109395	SH0131	0	0	0	0	0	0	0	0	0	0	0	0	0	0	0	0	0	0	0	0	0	0	0	0	0	0	0	0	0	0	0	0	0	0	0	0	0	0	0	0	0	0	0	0	0	0	0	0	0	0	0	0	0.695364238410596	0	0	0
109417	SH0153	0	0.10526315789473684	0.21052631578947367	0	0	0	0	0	0	0	0	0	0	0	0	0	0	0	0	0	0	0	0	0	0	0	0	0	0	0	0	0	0	0	0	0	0	0	0	0	0	0	0	0	0	0	0	0	0	0	0	0	0	0	0	0
109316	SH0051	0	0	0	0	0	0	0	0	0	0	0	0	0	0	0	0	0	0	0	0	0	0	0	0	0	0	0	0	0	0.6677462887989204	0	0	0	0	0	0	0	0	0	0	0	0	0	0	0	0	0	0	0	0	0	0	0	0	0	0
109311	SH0046	0	0	0	0	0	0	0	0	0	0	0	0	0	0	0	0	0	0	0	0	0	0	0	0	0	0	0	0	0	0	0.5691573926868045	0	0	0	0	0	0	0	0	0	0	0	0	0	0	0	0	0	0	0	0	0	0	0	0	0
109280	SH0016	0	0	0	0	0	0	0	0	0	0	0	0	0	0	0	0	0	0	0	0	0	0	0	0	0	0	0	0	0	0	0	0.94663357120695	0	0	0	0	0	0	0	0	0	0	0	0	0	0	0	0	0	0	0	0	0	0	0	0
109304	SH0039B	0	0	0	0	0	0	0	0	0	0	0	0	0	0	0	0	0	0	0	0	0	0	0	0	0	0	0	0	0	0	0	0	0.49873737373737376	0	0	0	0	0	0	0	0	0	0	0	0	0.1553030303030303	0	0	0	0	0	0	0	0	0	0
109307	SH0042	0	0	0	0	0	0	0	0	0	0	0	0	0	0	0	0	0	0	0	0	0	0	0	0	0	0	0	0	0	0	0	0	0	0	0.7998065764023211	0	0	0	0	0	0	0	0	0	0	0	0	0	0	0	0	0	0	0	0	0
109313	SH0048	0	0	0	0	0	0	0	0	0	0	0	0	0	0	0	0	0	0	0	0	0	0	0	0	0	0	0	0	0	0	0	0	0	0	0	0.9163760027903732	0	0	0	0	0	0	0	0	0	0	0	0	0	0	0	0	0	0	0	0
109416	SH0152	0	0	0	0	0	0	0	0	0	0	0	0	0	0	0	0	0	0	0	0	0	0	0	0	0	0	0	0	0	0	0	0	0	0	0	0	0.790247160988644	0	0	0	0	0	0	0	0	0	0	0	0	0	0	0	0	0	0	0
109390	SH0126	0	0	0	0	0	0	0	0	0	0	0	0	0	0	0	0	0	0	0	0	0	0	0	0	0	0	0	0	0	0	0	0	0	0	0	0	0	0	0	0	0	0	0	0	0	0	0	0	0	0	0	0	0	0	0.8553846153846154	0
109428	SH0164	0	0	0	0	0	0	0	0	0	0	0	0	0	0	0	0	0	0	0	0	0	0	0	0	0	0	0	0	0	0	0	0	0	0	0	0	0	0.7391552511415526	0	0	0	0	0	0	0	0	0	0	0	0	0	0	0	0.1723744292237443	0	0
109319	SH0054	0	0	0	0	0	0	0	0	0	0	0	0	0	0	0	0	0	0	0	0	0	0	0	0	0	0	0	0	0	0	0	0	0	0	0	0	0	0	0.9745499689633768	0	0	0	0	0	0	0	0	0	0	0	0	0	0	0	0	0
109290	SH0026	0	0	0	0	0	0	0	0	0	0	0	0	0	0	0	0	0	0	0	0	0	0	0	0	0	0	0	0	0	0	0	0	0	0	0	0	0	0	0	0.863479262672811	0	0	0	0	0	0	0	0	0	0	0	0	0	0	0	0
109389	SH0125	0	0	0	0	0	0	0	0	0	0	0	0	0	0	0	0	0	0	0	0	0	0	0	0	0	0	0	0	0	0	0	0	0	0	0	0	0	0	0	0	0	0	0	0	0	0	0	0	0	0	0	0	0	0	0	0.8875
109402	SH0138	0	0	0	0.10464570624120131	0	0	0	0	0	0	0	0	0	0	0	0	0	0	0	0	0	0	0	0	0	0	0	0	0	0	0	0	0	0	0	0	0	0	0	0	0	0	0.36274049741905207	0	0	0	0	0	0	0	0	0	0	0	0	0
109291	SH0027	0	0	0	0	0	0	0	0	0	0	0	0	0	0	0	0	0	0	0	0	0	0	0	0	0	0	0	0	0	0	0	0	0	0	0	0	0	0	0	0	0	0	0	0.8634934889986529	0	0	0	0	0	0	0	0	0	0	0	0
109299	SH0035	0	0	0	0	0	0	0	0	0	0	0	0	0	0	0	0	0	0	0	0	0	0	0	0	0	0	0	0	0	0	0	0	0	0	0	0	0	0	0	0	0	0	0	0	0.7437007874015747	0	0	0	0	0	0	0	0	0	0	0
109419	SH0155	0	0	0	0	0	0	0	0	0	0	0	0	0	0	0	0	0	0	0	0	0	0	0	0	0	0	0	0	0	0	0	0	0	0	0	0	0	0	0	0	0	0	0	0	0	0	0	0	0	0	0	0	0	0	0	0
109418	SH0154	0	0	0	0	0	0	0	0	0	0	0	0	0	0	0	0	0	0	0	0	0	0	0	0	0	0	0	0	0	0	0	0	0	0	0	0	0	0	0	0	0	0	0	0	0	0	0	0	0	0	0	0	0	0	0	0
109412	SH0148	0	0	0	0	0	0	0	0	0	0	0	0	0	0	0	0	0	0	0	0	0	0	0	0	0	0	0	0	0	0	0	0	0	0	0	0	0	0	0	0	0	0	0	0	0	0	0	0	0	0	0	0	0	0	0	0
109392	SH0128	0	0	0	0	0	0	0	0	0	0	0	0	0	0	0	0	0	0	0	0	0	0	0	0	0	0	0	0	0	0	0	0	0	0	0	0	0	0	0	0	0	0	0	0	0	0	0	0	0	0	0	0	0	0	0	0
109353	SH0088	0	0	0	0	0	0	0	0	0	0	0	0	0	0	0	0	0	0	0	0	0	0	0	0	0	0	0	0	0	0	0	0	0	0	0	0	0	0	0	0	0	0	0	0	0	0	0	0	0	0	0	0	0	0	0	0
109342	SH0077	0	0	0	0	0	0	0	0	0	0	0	0	0	0	0	0	0	0	0	0	0	0	0	0	0	0	0	0	0	0	0	0	0	0	0	0	0	0	0	0	0	0	0	0	0	0	0	0	0	0	0	0	0	0	0	0
109341	SH0076	0	0	0	0	0	0	0	0	0	0	0	0	0	0	0	0	0	0	0	0	0	0	0	0	0	0	0	0	0	0	0	0	0	0	0	0	0	0	0	0	0	0	0	0	0	0	0	0	0	0	0	0	0	0	0	0
109340	SH0075	0	0	0	0	0	0	0	0	0	0	0	0	0	0	0	0	0	0	0	0	0	0	0	0	0	0	0	0	0	0	0	0	0	0	0	0	0	0	0	0	0	0	0	0	0	0	0	0	0	0	0	0	0	0	0	0
109337	SH0072	0	0	0	0	0	0	0	0	0	0	0	0	0	0	0	0	0	0	0	0	0	0	0	0	0	0	0	0	0	0	0	0	0	0	0	0	0	0	0	0	0	0	0	0	0	0	0	0	0	0	0	0	0	0	0	0
109335	SH0070	0	0	0	0	0	0	0	0	0	0	0	0	0	0	0	0	0	0	0	0	0	0	0	0	0	0	0	0	0	0	0	0	0	0	0	0	0	0	0	0	0	0	0	0	0	0	0	0	0	0	0	0	0	0	0	0
109329	SH0064	0	0	0	0	0	0	0	0	0	0	0	0	0	0	0	0	0	0	0	0	0	0	0	0	0	0	0	0	0	0	0	0	0	0	0	0	0	0	0	0	0	0	0	0	0	0	0	0	0	0	0	0	0	0	0	0
109327	SH0062	0	0	0	0	0	0	0	0	0	0	0	0	0	0	0	0	0	0	0	0	0	0	0	0	0	0	0	0	0	0	0	0	0	0	0	0	0	0	0	0	0	0	0	0	0	0	0	0	0	0	0	0	0	0	0	0
109325	SH0060	0	0	0	0	0	0	0	0	0	0	0	0	0	0	0	0	0	0	0	0	0	0	0	0	0	0	0	0	0	0	0	0	0	0	0	0	0	0	0	0	0	0	0	0	0	0	0	0	0	0	0	0	0	0	0	0
109324	SH0059	0	0	0	0	0	0	0	0	0	0	0	0	0	0	0	0	0	0	0	0	0	0	0	0	0	0	0	0	0	0	0	0	0	0	0	0	0	0	0	0	0	0	0	0	0	0	0	0	0	0	0	0	0	0	0	0
109321	SH0056	0	0	0	0	0	0	0	0	0	0	0	0	0	0	0	0	0	0	0	0	0	0	0	0	0	0	0	0	0	0	0	0	0	0	0	0	0	0	0	0	0	0	0	0	0	0	0	0	0	0	0	0	0	0	0	0
109320	SH0055	0	0	0	0	0	0	0	0	0	0	0	0	0	0	0	0	0	0	0	0	0	0	0	0	0	0	0	0	0	0	0	0	0	0	0	0	0	0	0	0	0	0	0	0	0	0	0	0	0	0	0	0	0	0	0	0
109303	SH0039A	0	0	0	0	0	0	0	0	0	0	0	0	0	0	0	0	0	0	0	0	0	0	0	0	0	0	0	0	0	0	0	0	0	0	0	0	0	0	0	0	0	0	0	0	0	0	0	0	0	0	0	0	0	0	0	0
109292	SH0028	0	0	0	0	0	0	0	0	0	0	0	0	0	0	0	0	0	0	0	0	0	0	0	0	0	0	0	0	0	0	0	0	0	0	0	0	0	0	0	0	0	0	0	0	0	0	0	0	0	0	0	0	0	0	0	0
109288	SH0024	0	0	0	0	0	0	0	0	0	0	0	0	0	0	0	0	0	0	0	0	0	0	0	0	0	0	0	0	0	0	0	0	0	0	0	0	0	0	0	0	0	0	0	0	0	0	0	0	0	0	0	0	0	0	0	0
109277	SH0013	0	0	0	0	0	0	0	0	0	0	0	0	0	0	0	0	0	0	0	0	0	0	0	0	0	0	0	0	0	0	0	0	0	0	0	0	0	0	0	0	0	0	0	0	0	0	0	0	0	0	0	0	0	0	0	0
109269	SH0005	0	0	0	0	0	0	0	0	0	0	0	0	0	0	0	0	0	0	0	0	0	0	0	0	0	0	0	0	0	0	0	0	0	0	0	0	0	0	0	0	0	0	0	0	0	0	0	0	0	0	0	0	0	0	0	0
109267	SH0003	0	0	0	0	0	0	0	0	0	0	0	0	0	0	0	0	0	0	0	0	0	0	0	0	0	0	0	0	0	0	0	0	0	0	0	0	0	0	0	0	0	0	0	0	0	0	0	0	0	0	0	0	0	0	0	0
109264	NEC6	0	0	0	0	0	0	0	0	0	0	0	0	0	0	0	0	0	0	0	0	0	0	0	0	0	0	0	0	0	0	0	0	0	0	0	0	0	0	0	0	0	0	0	0	0	0	0	0	0	0	0	0	0	0	0	0
109263	NEC3	0	0	0	0	0	0	0	0	0	0	0	0	0	0	0	0	0	0	0	0	0	0	0	0	0	0	0	0	0	0	0	0	0	0	0	0	0	0	0	0	0	0	0	0	0	0	0	0	0	0	0	0	0	0	0	0
109262	NEC2	0	0	0	0	0	0	0	0	0	0	0	0	0	0	0	0	0	0	0	0	0	0	0	0	0	0	0	0	0	0	0	0	0	0	0	0	0	0	0	0	0	0	0	0	0	0	0	0	0	0	0	0	0	0	0	0
109261	NEC1	0	0	0	0	0	0	0	0	0	0	0	0	0	0	0	0	0	0	0	0	0	0	0	0	0	0	0	0	0	0	0	0	0	0	0	0	0	0	0	0	0	0	0	0	0	0	0	0	0	0	0	0	0	0	0	0
Sequence accession / SymPortal UID		22385-36733-364589-363106-903836	22385	503947		37/20940/32-72-2-827-35-796	517-2		41-8129-342356-32	32/1330/335601-2-20866	517-775-608	2-1-106-4-32-117-20-118-108-5	2	62804/911462-1-43057-37489	32/2-2051-2678-38928	2/32-1-4	41-99169	1330/32-2-20866	32-2-2678-2051-38928-6292	32-41-20824-80-9767-2416	2/32-2739-2678-2051-38928-5602-3393	422	62831-49066-41-70818-70820-38924	62831-41-71140-38924-42589	32-2554-982-38767-38269-1354-71161	2-4-32-1-20	62874	2-308-1-4-32-848-832-831	41	41-46292-32-46294-46293	41-32-46302-37242	2-32-2678-2051-38928-39397	2-4-32-6276-11962	41-38757-32	4	2-20905-32-308-4	2-308-4-1-828	2-14840-18685-36973-308-32	2-308-32-4-835	2-308-32-835-4-833	2-106-1-4-32-108	2-869	1	62871	2-1-82-4-20-32-15	32-20940-37038-2-35-37040-80	20940	853-854-855-1730-2308	854/933-853	853-933	854	1732	1732-854-18699-16955	866929	853-854-855-1730	853-854-2308	853-854-855-1730-2332
Average defining sequence proportions and [stdev]		0.837[0.013]-0.051[0.009]-0.042[0.008]-0.042[0.007]-0.028[0.005]	1.000[0.000]	1.000[nan]	0.609[0.241]/0.391[0.241]	0.408[0.094]/0.217[0.101]/0.151[0.083]-0.077[0.025]-0.059[0.020]-0.036[0.010]-0.033[0.013]-0.021[0.005]	0.971[0.019]-0.029[0.019]	0.780[0.235]/0.220[0.235]	0.672[0.010]-0.175[0.010]-0.079[0.010]-0.074[0.009]	0.396[0.132]/0.246[0.058]/0.171[0.157]-0.131[0.030]-0.056[0.024]	0.892[0.060]-0.060[0.055]-0.048[0.007]	0.357[0.050]-0.229[0.041]-0.187[0.067]-0.057[0.006]-0.050[0.015]-0.044[0.017]-0.025[0.011]-0.018[0.009]-0.017[0.011]-0.015[0.003]	1.000[0.000]	0.392[0.022]/0.387[0.024]-0.090[0.014]-0.077[0.013]-0.054[0.008]	0.449[0.142]/0.305[0.097]-0.107[0.016]-0.080[0.022]-0.058[0.025]	0.639[0.277]/0.219[0.324]-0.127[0.172]-0.015[0.006]	0.741[0.046]-0.259[0.046]	0.417[0.186]/0.314[0.076]-0.159[0.057]-0.110[0.080]	0.491[0.071]-0.217[0.078]-0.106[0.052]-0.103[0.016]-0.058[0.028]-0.025[0.015]	0.751[0.022]-0.090[0.000]-0.069[0.002]-0.043[0.017]-0.028[0.002]-0.019[0.005]	0.286[0.042]/0.215[0.132]-0.190[0.123]-0.133[0.021]-0.096[0.046]-0.049[0.017]-0.017[0.002]-0.015[0.008]	1.000[0.000]	0.449[0.025]-0.317[0.017]-0.109[0.014]-0.047[0.005]-0.040[0.001]-0.038[0.010]	0.788[0.014]-0.080[0.001]-0.061[0.008]-0.056[0.019]-0.015[0.003]	0.509[0.011]-0.162[0.019]-0.120[0.010]-0.099[0.008]-0.046[0.010]-0.038[0.002]-0.025[0.013]	0.754[0.001]-0.127[0.005]-0.056[0.010]-0.039[0.021]-0.023[0.004]	1.000[0.000]	0.716[0.080]-0.126[0.064]-0.047[0.008]-0.047[0.002]-0.026[0.005]-0.021[0.005]-0.008[0.002]-0.008[0.004]	1.000[nan]	0.595[nan]-0.233[nan]-0.093[nan]-0.042[nan]-0.038[nan]	0.710[nan]-0.251[nan]-0.025[nan]-0.014[nan]	0.665[nan]-0.123[nan]-0.120[nan]-0.053[nan]-0.025[nan]-0.014[nan]	0.423[nan]-0.337[nan]-0.116[nan]-0.105[nan]-0.020[nan]	0.742[nan]-0.144[nan]-0.114[nan]	1.000[nan]	0.439[nan]-0.393[nan]-0.079[nan]-0.067[nan]-0.023[nan]	0.778[nan]-0.119[nan]-0.040[nan]-0.035[nan]-0.027[nan]	0.665[nan]-0.103[nan]-0.095[nan]-0.057[nan]-0.044[nan]-0.036[nan]	0.839[nan]-0.077[nan]-0.039[nan]-0.035[nan]-0.010[nan]	0.793[nan]-0.094[nan]-0.066[nan]-0.022[nan]-0.021[nan]-0.004[nan]	0.402[nan]-0.266[nan]-0.218[nan]-0.054[nan]-0.034[nan]-0.026[nan]	0.556[nan]-0.444[nan]	1.000[nan]	1.000[nan]	0.304[nan]-0.260[nan]-0.223[nan]-0.068[nan]-0.062[nan]-0.046[nan]-0.037[nan]	0.330[nan]-0.248[nan]-0.241[nan]-0.098[nan]-0.034[nan]-0.024[nan]-0.024[nan]	1.000[nan]	0.605[0.064]-0.202[0.042]-0.076[0.030]-0.068[0.029]-0.049[0.039]	0.369[0.062]/0.340[0.195]/0.291[0.136]	0.565[0.047]-0.435[0.047]	1.000[0.000]	1.000[0.000]	0.672[nan]-0.180[nan]-0.117[nan]-0.032[nan]	1.000[nan]	0.632[nan]-0.228[nan]-0.083[nan]-0.056[nan]	0.705[nan]-0.169[nan]-0.126[nan]	0.671[nan]-0.169[nan]-0.108[nan]-0.033[nan]-0.019[nan]
